155.317619284198 1.539178160216652 1.316695423193358 300 340 
157.71214628592196 1.539178160216652 1.316695423193358 300 340 
155.79753098436805 1.539178160216652 1.316695423193358 300 340 
155.15328822999243 1.539178160216652 1.316695423193358 300 340 
162.5346075564227 1.539178160216652 1.316695423193358 300 340 
157.8712279142257 1.539178160216652 1.316695423193358 300 340 
155.15328822999243 1.539178160216652 1.316695423193358 300 340 
155.15328822999243 1.539178160216652 1.316695423193358 300 340 
155.15328822999243 1.539178160216652 1.316695423193358 300 340 
155.8629821573639 1.539178160216652 1.316695423193358 300 340 
155.33484917177339 1.4022735692946897 1.2012983589734414 300 184 
155.15328822999243 1.4022735692946897 1.2012983589734414 300 184 
155.90679334523938 1.4022735692946897 1.2012983589734414 300 184 
155.15328822999243 1.4022735692946897 1.2012983589734414 300 184 
155.4920813474266 1.4022735692946897 1.2012983589734414 300 184 
155.15328822999243 1.4022735692946897 1.2012983589734414 300 184 
155.8046298629204 1.4022735692946897 1.2012983589734414 300 184 
155.33484917177339 1.4022735692946897 1.2012983589734414 300 184 
155.15328822999243 1.4022735692946897 1.2012983589734414 300 184 
155.419782766517 1.4022735692946897 1.2012983589734414 300 184 
160.88364646837135 1.0959816329918994 1.592176235329756 300 267 
155.55957199915832 1.0959816329918994 1.592176235329756 300 267 
155.33484917177336 1.0959816329918994 1.592176235329756 300 267 
155.60134370829792 1.0959816329918994 1.592176235329756 300 267 
155.15328822999243 1.0959816329918994 1.592176235329756 300 267 
155.71680417481156 1.0959816329918994 1.592176235329756 300 267 
155.15328822999243 1.0959816329918994 1.592176235329756 300 267 
156.763839568228 1.0959816329918994 1.592176235329756 300 267 
155.49208134742656 1.0959816329918994 1.592176235329756 300 267 
157.01285234114252 1.0959816329918994 1.592176235329756 300 267 
157.14633328983587 0.8074734892251811 1.316758543750783 300 119 
155.15328822999243 0.8074734892251811 1.316758543750783 300 119 
155.4920813474266 0.8074734892251811 1.316758543750783 300 119 
157.9724996185508 0.8074734892251811 1.316758543750783 300 119 
155.15328822999246 0.8074734892251811 1.316758543750783 300 119 
156.5433942718358 0.8074734892251811 1.316758543750783 300 119 
155.33484917177336 0.8074734892251811 1.316758543750783 300 119 
155.15328822999243 0.8074734892251811 1.316758543750783 300 119 
155.15328822999243 0.8074734892251811 1.316758543750783 300 119 
158.52334612316722 0.8074734892251811 1.316758543750783 300 119 
155.60134370829792 0.6328730796459108 0.9363266441461984 300 304 
155.33484917177336 0.6328730796459108 0.9363266441461984 300 304 
156.75644907209457 0.6328730796459108 0.9363266441461984 300 304 
155.4920813474266 0.6328730796459108 0.9363266441461984 300 304 
155.15328822999243 0.6328730796459108 0.9363266441461984 300 304 
156.20398732037629 0.6328730796459108 0.9363266441461984 300 304 
155.1532882299924 0.6328730796459108 0.9363266441461984 300 304 
155.15328822999243 0.6328730796459108 0.9363266441461984 300 304 
155.15328822999243 0.6328730796459108 0.9363266441461984 300 304 
155.9067933452394 0.6328730796459108 0.9363266441461984 300 304 
155.15328822999243 0.5938011856727248 1.3105929988685616 300 50 
157.8521080854057 0.5938011856727248 1.3105929988685616 300 50 
156.83834353770064 0.5938011856727248 1.3105929988685616 300 50 
155.82606653568288 0.5938011856727248 1.3105929988685616 300 50 
159.85814179668918 0.5938011856727248 1.3105929988685616 300 50 
155.15328822999243 0.5938011856727248 1.3105929988685616 300 50 
156.34999273608634 0.5938011856727248 1.3105929988685616 300 50 
158.61917495474316 0.5938011856727248 1.3105929988685616 300 50 
155.4920813474266 0.5938011856727248 1.3105929988685616 300 50 
155.79753098436805 0.5938011856727248 1.3105929988685616 300 50 
155.15328822999243 2.364503287505368 1.044177966095234 300 261 
155.15328822999243 2.364503287505368 1.044177966095234 300 261 
156.11956870637493 2.364503287505368 1.044177966095234 300 261 
155.15328822999243 2.364503287505368 1.044177966095234 300 261 
155.33484917177336 2.364503287505368 1.044177966095234 300 261 
155.49208134742656 2.364503287505368 1.044177966095234 300 261 
155.49208134742656 2.364503287505368 1.044177966095234 300 261 
155.15328822999243 2.364503287505368 1.044177966095234 300 261 
155.49208134742656 2.364503287505368 1.044177966095234 300 261 
155.15328822999243 2.364503287505368 1.044177966095234 300 261 
155.33484917177339 2.1056993207053996 0.3192422026409112 300 214 
155.15328822999243 2.1056993207053996 0.3192422026409112 300 214 
155.15328822999243 2.1056993207053996 0.3192422026409112 300 214 
155.15328822999243 2.1056993207053996 0.3192422026409112 300 214 
157.79093867676988 2.1056993207053996 0.3192422026409112 300 214 
155.15328822999243 2.1056993207053996 0.3192422026409112 300 214 
155.3780110573774 2.1056993207053996 0.3192422026409112 300 214 
155.15328822999243 2.1056993207053996 0.3192422026409112 300 214 
156.04675514472308 2.1056993207053996 0.3192422026409112 300 214 
155.49208134742656 2.1056993207053996 0.3192422026409112 300 214 
155.74130550778162 2.8173307762586726 0.16419969643189725 300 136 
155.15328822999243 2.8173307762586726 0.16419969643189725 300 136 
155.31052040564566 2.8173307762586726 0.16419969643189725 300 136 
155.49208134742656 2.8173307762586726 0.16419969643189725 300 136 
159.07831123529095 2.8173307762586726 0.16419969643189725 300 136 
155.60134370829792 2.8173307762586726 0.16419969643189725 300 136 
155.15328822999243 2.8173307762586726 0.16419969643189725 300 136 
156.58536320985718 2.8173307762586726 0.16419969643189725 300 136 
155.3348491717734 2.8173307762586726 0.16419969643189725 300 136 
157.01813821065846 2.8173307762586726 0.16419969643189725 300 136 
155.54234211158297 0.016783088536636015 0.06642810734405269 300 306 
157.22749857790635 0.016783088536636015 0.06642810734405269 300 306 
155.4920813474266 0.016783088536636015 0.06642810734405269 300 306 
155.15328822999243 0.016783088536636015 0.06642810734405269 300 306 
155.15328822999243 0.016783088536636015 0.06642810734405269 300 306 
155.8629821573639 0.016783088536636015 0.06642810734405269 300 306 
155.15328822999243 0.016783088536636015 0.06642810734405269 300 306 
155.74130550778162 0.016783088536636015 0.06642810734405269 300 306 
155.15328822999243 0.016783088536636015 0.06642810734405269 300 306 
155.15328822999243 0.016783088536636015 0.06642810734405269 300 306 
155.15328822999243 0.6976560317521812 1.8123362060227812 300 164 
155.60134370829792 0.6976560317521812 1.8123362060227812 300 164 
155.15328822999243 0.6976560317521812 1.8123362060227812 300 164 
155.15328822999243 0.6976560317521812 1.8123362060227812 300 164 
155.419782766517 0.6976560317521812 1.8123362060227812 300 164 
156.04675514472308 0.6976560317521812 1.8123362060227812 300 164 
155.15328822999243 0.6976560317521812 1.8123362060227812 300 164 
155.60134370829795 0.6976560317521812 1.8123362060227812 300 164 
155.15328822999243 0.6976560317521812 1.8123362060227812 300 164 
155.15328822999243 0.6976560317521812 1.8123362060227812 300 164 
155.15328822999243 1.6198096735325866 1.3396961392601905 300 327 
155.15328822999243 1.6198096735325866 1.3396961392601905 300 327 
155.15328822999243 1.6198096735325866 1.3396961392601905 300 327 
157.0059648500307 1.6198096735325866 1.3396961392601905 300 327 
157.79093867676988 1.6198096735325866 1.3396961392601905 300 327 
155.15328822999243 1.6198096735325866 1.3396961392601905 300 327 
156.5240482886589 1.6198096735325866 1.3396961392601905 300 327 
155.4920813474266 1.6198096735325866 1.3396961392601905 300 327 
155.55957199915835 1.6198096735325866 1.3396961392601905 300 327 
155.4587378669339 1.6198096735325866 1.3396961392601905 300 327 
155.31052040564563 1.267598710488798 0.9514454268467907 300 109 
155.15328822999243 1.267598710488798 0.9514454268467907 300 109 
155.317619284198 1.267598710488798 0.9514454268467907 300 109 
155.55957199915832 1.267598710488798 0.9514454268467907 300 109 
156.29405887708097 1.267598710488798 0.9514454268467907 300 109 
157.7361148063493 1.267598710488798 0.9514454268467907 300 109 
155.54234211158297 1.267598710488798 0.9514454268467907 300 109 
160.60957881272637 1.267598710488798 0.9514454268467907 300 109 
155.74130550778165 1.267598710488798 0.9514454268467907 300 109 
155.60134370829792 1.267598710488798 0.9514454268467907 300 109 
155.33484917177336 3.0642913026177663 1.4678582407106489 300 249 
155.15328822999243 3.0642913026177663 1.4678582407106489 300 249 
155.74130550778165 3.0642913026177663 1.4678582407106489 300 249 
155.55957199915835 3.0642913026177663 1.4678582407106489 300 249 
155.15328822999243 3.0642913026177663 1.4678582407106489 300 249 
167.30491027688632 3.0642913026177663 1.4678582407106489 300 249 
155.15328822999243 3.0642913026177663 1.4678582407106489 300 249 
155.15328822999243 3.0642913026177663 1.4678582407106489 300 249 
155.55957199915835 3.0642913026177663 1.4678582407106489 300 249 
155.33484917177336 3.0642913026177663 1.4678582407106489 300 249 
157.74733921906517 2.6609089660555503 1.3862103910234511 300 204 
156.12947669388845 2.6609089660555503 1.3862103910234511 300 204 
155.74130550778162 2.6609089660555503 1.3862103910234511 300 204 
155.31052040564566 2.6609089660555503 1.3862103910234511 300 204 
155.15328822999243 2.6609089660555503 1.3862103910234511 300 204 
156.02225381175302 2.6609089660555503 1.3862103910234511 300 204 
155.15328822999243 2.6609089660555503 1.3862103910234511 300 204 
160.48762216561985 2.6609089660555503 1.3862103910234511 300 204 
155.15328822999243 2.6609089660555503 1.3862103910234511 300 204 
155.15328822999243 2.6609089660555503 1.3862103910234511 300 204 
155.60134370829792 3.59075624574893 1.7920380433085588 300 281 
155.31052040564563 3.59075624574893 1.7920380433085588 300 281 
155.15328822999243 3.59075624574893 1.7920380433085588 300 281 
157.8712279142257 3.59075624574893 1.7920380433085588 300 281 
155.15328822999243 3.59075624574893 1.7920380433085588 300 281 
155.60134370829792 3.59075624574893 1.7920380433085588 300 281 
155.31052040564566 3.59075624574893 1.7920380433085588 300 281 
155.33484917177336 3.59075624574893 1.7920380433085588 300 281 
155.15328822999243 3.59075624574893 1.7920380433085588 300 281 
157.4456517493974 3.59075624574893 1.7920380433085588 300 281 
155.15328822999243 3.974937826112659 1.0703292633318473 300 312 
155.15328822999243 3.974937826112659 1.0703292633318473 300 312 
155.15328822999243 3.974937826112659 1.0703292633318473 300 312 
155.33484917177339 3.974937826112659 1.0703292633318473 300 312 
155.15328822999243 3.974937826112659 1.0703292633318473 300 312 
155.15328822999243 3.974937826112659 1.0703292633318473 300 312 
155.33484917177336 3.974937826112659 1.0703292633318473 300 312 
155.15328822999243 3.974937826112659 1.0703292633318473 300 312 
155.33484917177336 3.974937826112659 1.0703292633318473 300 312 
155.15328822999243 3.974937826112659 1.0703292633318473 300 312 
162.55370197172942 1.934280221374956 0.6588400473018647 300 76 
158.46921049965718 1.934280221374956 0.6588400473018647 300 76 
155.15328822999243 1.934280221374956 0.6588400473018647 300 76 
159.7086001344174 1.934280221374956 0.6588400473018647 300 76 
155.33484917177339 1.934280221374956 0.6588400473018647 300 76 
157.5657782772842 1.934280221374956 0.6588400473018647 300 76 
155.15328822999243 1.934280221374956 0.6588400473018647 300 76 
155.90679334523938 1.934280221374956 0.6588400473018647 300 76 
156.31103763566938 1.934280221374956 0.6588400473018647 300 76 
155.15328822999243 1.934280221374956 0.6588400473018647 300 76 
155.15328822999243 1.4489709713855872 0.06683061286141401 300 305 
155.15328822999243 1.4489709713855872 0.06683061286141401 300 305 
155.15328822999243 1.4489709713855872 0.06683061286141401 300 305 
155.15328822999243 1.4489709713855872 0.06683061286141401 300 305 
155.15328822999243 1.4489709713855872 0.06683061286141401 300 305 
155.15328822999243 1.4489709713855872 0.06683061286141401 300 305 
155.15328822999243 1.4489709713855872 0.06683061286141401 300 305 
155.31052040564563 1.4489709713855872 0.06683061286141401 300 305 
155.419782766517 1.4489709713855872 0.06683061286141401 300 305 
155.15328822999243 1.4489709713855872 0.06683061286141401 300 305 
155.419782766517 2.4913186545949246 0.8591179790130135 300 335 
155.15328822999243 2.4913186545949246 0.8591179790130135 300 335 
155.15328822999243 2.4913186545949246 0.8591179790130135 300 335 
155.33484917177336 2.4913186545949246 0.8591179790130135 300 335 
155.15328822999243 2.4913186545949246 0.8591179790130135 300 335 
155.15328822999243 2.4913186545949246 0.8591179790130135 300 335 
155.15328822999243 2.4913186545949246 0.8591179790130135 300 335 
155.4920813474266 2.4913186545949246 0.8591179790130135 300 335 
155.15328822999243 2.4913186545949246 0.8591179790130135 300 335 
155.15328822999243 2.4913186545949246 0.8591179790130135 300 335 
157.318301978084 3.912021560282273 1.9328507926623346 300 91 
159.7598867937244 3.912021560282273 1.9328507926623346 300 91 
155.33484917177339 3.912021560282273 1.9328507926623346 300 91 
156.12947669388842 3.912021560282273 1.9328507926623346 300 91 
155.55974456600066 3.912021560282273 1.9328507926623346 300 91 
157.01813821065846 3.912021560282273 1.9328507926623346 300 91 
155.31052040564563 3.912021560282273 1.9328507926623346 300 91 
156.04675514472308 3.912021560282273 1.9328507926623346 300 91 
155.79753098436808 3.912021560282273 1.9328507926623346 300 91 
155.49918022597893 3.912021560282273 1.9328507926623346 300 91 
155.317619284198 3.912021560282273 1.9328507926623346 300 91 
155.419782766517 3.912021560282273 1.9328507926623346 300 91 
158.52519625916077 3.912021560282273 1.9328507926623346 300 91 
155.15328822999243 3.912021560282273 1.9328507926623346 300 91 
155.74130550778162 3.912021560282273 1.9328507926623346 300 91 
167.1629287626716 3.912021560282273 1.9328507926623346 300 91 
155.31052040564563 3.912021560282273 1.9328507926623346 300 91 
157.0038313751584 3.912021560282273 1.9328507926623346 300 91 
155.74130550778162 3.912021560282273 1.9328507926623346 300 91 
156.86600305054702 3.912021560282273 1.9328507926623346 300 91 
156.8770903737282 0.5404963070501569 0.883679816487597 300 220 
155.15328822999243 0.5404963070501569 0.883679816487597 300 220 
155.55957199915832 0.5404963070501569 0.883679816487597 300 220 
155.15328822999243 0.5404963070501569 0.883679816487597 300 220 
156.65932271111342 0.5404963070501569 0.883679816487597 300 220 
156.90957451387186 0.5404963070501569 0.883679816487597 300 220 
155.3780110573774 0.5404963070501569 0.883679816487597 300 220 
155.15328822999243 0.5404963070501569 0.883679816487597 300 220 
155.31052040564566 0.5404963070501569 0.883679816487597 300 220 
155.15328822999243 0.5404963070501569 0.883679816487597 300 220 
155.60134370829792 0.5404963070501569 0.883679816487597 300 220 
155.33484917177336 0.5404963070501569 0.883679816487597 300 220 
155.15328822999243 0.5404963070501569 0.883679816487597 300 220 
155.15328822999243 0.5404963070501569 0.883679816487597 300 220 
155.4920813474266 0.5404963070501569 0.883679816487597 300 220 
155.15328822999243 0.5404963070501569 0.883679816487597 300 220 
155.3780110573774 0.5404963070501569 0.883679816487597 300 220 
155.15328822999243 0.5404963070501569 0.883679816487597 300 220 
155.15328822999243 0.5404963070501569 0.883679816487597 300 220 
155.33484917177336 0.5404963070501569 0.883679816487597 300 220 
155.4920813474266 0.3724648425152979 1.9887363975840948 300 216 
155.31052040564563 0.3724648425152979 1.9887363975840948 300 216 
156.84088365289438 0.3724648425152979 1.9887363975840948 300 216 
155.15328822999243 0.3724648425152979 1.9887363975840948 300 216 
155.31052040564563 0.3724648425152979 1.9887363975840948 300 216 
155.15328822999243 0.3724648425152979 1.9887363975840948 300 216 
155.15328822999243 0.3724648425152979 1.9887363975840948 300 216 
155.15328822999246 0.3724648425152979 1.9887363975840948 300 216 
155.33484917177336 0.3724648425152979 1.9887363975840948 300 216 
155.419782766517 0.3724648425152979 1.9887363975840948 300 216 
155.15328822999243 0.3724648425152979 1.9887363975840948 300 216 
157.77836474683534 0.3724648425152979 1.9887363975840948 300 216 
155.15328822999243 0.3724648425152979 1.9887363975840948 300 216 
155.15328822999243 0.3724648425152979 1.9887363975840948 300 216 
155.33484917177339 0.3724648425152979 1.9887363975840948 300 216 
155.15328822999246 0.3724648425152979 1.9887363975840948 300 216 
155.60134370829792 0.3724648425152979 1.9887363975840948 300 216 
155.15328822999243 0.3724648425152979 1.9887363975840948 300 216 
155.33484917177336 0.3724648425152979 1.9887363975840948 300 216 
155.3780110573774 0.3724648425152979 1.9887363975840948 300 216 
155.8629821573639 1.677981973810585 1.5455046061770796 300 117 
155.31052040564563 1.677981973810585 1.5455046061770796 300 117 
155.15328822999243 1.677981973810585 1.5455046061770796 300 117 
167.92456880122174 1.677981973810585 1.5455046061770796 300 117 
155.74130550778162 1.677981973810585 1.5455046061770796 300 117 
155.64029880871485 1.677981973810585 1.5455046061770796 300 117 
156.31103763566938 1.677981973810585 1.5455046061770796 300 117 
161.9930052843433 1.677981973810585 1.5455046061770796 300 117 
155.33484917177336 1.677981973810585 1.5455046061770796 300 117 
155.4920813474266 1.677981973810585 1.5455046061770796 300 117 
155.15328822999243 1.677981973810585 1.5455046061770796 300 117 
161.1999661704654 1.677981973810585 1.5455046061770796 300 117 
157.95526973097546 1.677981973810585 1.5455046061770796 300 117 
156.20398732037629 1.677981973810585 1.5455046061770796 300 117 
155.317619284198 1.677981973810585 1.5455046061770796 300 117 
158.95409874451477 1.677981973810585 1.5455046061770796 300 117 
155.15328822999243 1.677981973810585 1.5455046061770796 300 117 
155.57191792662846 1.677981973810585 1.5455046061770796 300 117 
155.4920813474266 1.677981973810585 1.5455046061770796 300 117 
159.6096491495111 1.677981973810585 1.5455046061770796 300 117 
155.15328822999243 1.592747544185662 0.924236774540971 300 204 
155.15328822999243 1.592747544185662 0.924236774540971 300 204 
155.4920813474266 1.592747544185662 0.924236774540971 300 204 
155.15328822999243 1.592747544185662 0.924236774540971 300 204 
156.04675514472308 1.592747544185662 0.924236774540971 300 204 
156.5433942718358 1.592747544185662 0.924236774540971 300 204 
155.33484917177336 1.592747544185662 0.924236774540971 300 204 
155.15328822999246 1.592747544185662 0.924236774540971 300 204 
155.15328822999243 1.592747544185662 0.924236774540971 300 204 
155.54234211158297 1.592747544185662 0.924236774540971 300 204 
155.33484917177339 1.592747544185662 0.924236774540971 300 204 
155.15328822999243 1.592747544185662 0.924236774540971 300 204 
155.15328822999243 1.592747544185662 0.924236774540971 300 204 
155.33484917177336 1.592747544185662 0.924236774540971 300 204 
155.71680417481156 1.592747544185662 0.924236774540971 300 204 
155.317619284198 1.592747544185662 0.924236774540971 300 204 
156.7005152130892 1.592747544185662 0.924236774540971 300 204 
158.0016378614956 1.592747544185662 0.924236774540971 300 204 
155.60134370829792 1.592747544185662 0.924236774540971 300 204 
156.866003050547 1.592747544185662 0.924236774540971 300 204 
155.15328822999243 2.630125266945414 0.981937726181731 300 341 
155.15328822999243 2.630125266945414 0.981937726181731 300 341 
155.15328822999243 2.630125266945414 0.981937726181731 300 341 
155.33484917177336 2.630125266945414 0.981937726181731 300 341 
155.15328822999243 2.630125266945414 0.981937726181731 300 341 
155.15328822999243 2.630125266945414 0.981937726181731 300 341 
155.31052040564563 2.630125266945414 0.981937726181731 300 341 
157.14633328983584 2.630125266945414 0.981937726181731 300 341 
155.15328822999243 2.630125266945414 0.981937726181731 300 341 
155.15328822999243 2.630125266945414 0.981937726181731 300 341 
155.55957199915832 2.630125266945414 0.981937726181731 300 341 
155.33484917177336 2.630125266945414 0.981937726181731 300 341 
155.60134370829792 2.630125266945414 0.981937726181731 300 341 
155.15328822999243 2.630125266945414 0.981937726181731 300 341 
155.60134370829792 2.630125266945414 0.981937726181731 300 341 
155.15328822999243 2.630125266945414 0.981937726181731 300 341 
155.15328822999243 2.630125266945414 0.981937726181731 300 341 
155.33484917177339 2.630125266945414 0.981937726181731 300 341 
164.00374097223775 2.630125266945414 0.981937726181731 300 341 
155.15328822999243 2.630125266945414 0.981937726181731 300 341 
155.15328822999243 2.107966699201679 1.8815998168544916 300 82 
155.15328822999243 2.107966699201679 1.8815998168544916 300 82 
156.70051521308923 2.107966699201679 1.8815998168544916 300 82 
156.6156928527454 2.107966699201679 1.8815998168544916 300 82 
160.04625273491536 2.107966699201679 1.8815998168544916 300 82 
155.317619284198 2.107966699201679 1.8815998168544916 300 82 
155.15328822999243 2.107966699201679 1.8815998168544916 300 82 
155.60134370829792 2.107966699201679 1.8815998168544916 300 82 
155.15328822999243 2.107966699201679 1.8815998168544916 300 82 
155.60134370829792 2.107966699201679 1.8815998168544916 300 82 
157.52213692482417 2.107966699201679 1.8815998168544916 300 82 
157.17036665004193 2.107966699201679 1.8815998168544916 300 82 
164.2597980705837 2.107966699201679 1.8815998168544916 300 82 
162.82582043566683 2.107966699201679 1.8815998168544916 300 82 
155.96602833516658 2.107966699201679 1.8815998168544916 300 82 
155.49208134742656 2.107966699201679 1.8815998168544916 300 82 
155.49918022597896 2.107966699201679 1.8815998168544916 300 82 
155.15328822999246 2.107966699201679 1.8815998168544916 300 82 
155.33484917177336 2.107966699201679 1.8815998168544916 300 82 
155.60134370829792 2.107966699201679 1.8815998168544916 300 82 
155.33484917177336 1.6500624319451305 1.2341801123995135 300 316 
155.33484917177336 1.6500624319451305 1.2341801123995135 300 316 
155.33484917177339 1.6500624319451305 1.2341801123995135 300 316 
155.15328822999243 1.6500624319451305 1.2341801123995135 300 316 
155.15328822999243 1.6500624319451305 1.2341801123995135 300 316 
155.15328822999243 1.6500624319451305 1.2341801123995135 300 316 
155.15328822999243 1.6500624319451305 1.2341801123995135 300 316 
155.15328822999243 1.6500624319451305 1.2341801123995135 300 316 
156.71268857371697 1.6500624319451305 1.2341801123995135 300 316 
155.419782766517 1.6500624319451305 1.2341801123995135 300 316 
155.15328822999243 1.6500624319451305 1.2341801123995135 300 316 
155.15328822999243 1.6500624319451305 1.2341801123995135 300 316 
155.15328822999243 1.6500624319451305 1.2341801123995135 300 316 
155.4920813474266 1.6500624319451305 1.2341801123995135 300 316 
155.15328822999243 1.6500624319451305 1.2341801123995135 300 316 
155.33484917177339 1.6500624319451305 1.2341801123995135 300 316 
155.5352432330306 1.6500624319451305 1.2341801123995135 300 316 
155.15328822999243 1.6500624319451305 1.2341801123995135 300 316 
159.65805342847722 1.6500624319451305 1.2341801123995135 300 316 
155.15328822999243 1.6500624319451305 1.2341801123995135 300 316 
155.74130550778162 2.650794419002621 0.7598409742809729 300 86 
157.0059648500307 2.650794419002621 0.7598409742809729 300 86 
157.00596485003072 2.650794419002621 0.7598409742809729 300 86 
155.60134370829792 2.650794419002621 0.7598409742809729 300 86 
156.04675514472308 2.650794419002621 0.7598409742809729 300 86 
156.0467551447231 2.650794419002621 0.7598409742809729 300 86 
155.8629821573639 2.650794419002621 0.7598409742809729 300 86 
155.15328822999243 2.650794419002621 0.7598409742809729 300 86 
155.15328822999243 2.650794419002621 0.7598409742809729 300 86 
156.65932271111345 2.650794419002621 0.7598409742809729 300 86 
155.15328822999243 2.650794419002621 0.7598409742809729 300 86 
155.419782766517 2.650794419002621 0.7598409742809729 300 86 
155.419782766517 2.650794419002621 0.7598409742809729 300 86 
155.15328822999243 2.650794419002621 0.7598409742809729 300 86 
155.419782766517 2.650794419002621 0.7598409742809729 300 86 
155.31052040564563 2.650794419002621 0.7598409742809729 300 86 
156.2768289895056 2.650794419002621 0.7598409742809729 300 86 
155.317619284198 2.650794419002621 0.7598409742809729 300 86 
155.15328822999243 2.650794419002621 0.7598409742809729 300 86 
165.10452421863735 2.650794419002621 0.7598409742809729 300 86 
155.15328822999243 3.3616555740351397 1.1666986197961404 300 113 
159.4884955875208 3.3616555740351397 1.1666986197961404 300 113 
155.15328822999243 3.3616555740351397 1.1666986197961404 300 113 
156.27147797210807 3.3616555740351397 1.1666986197961404 300 113 
170.69199634811827 3.3616555740351397 1.1666986197961404 300 113 
155.33484917177336 3.3616555740351397 1.1666986197961404 300 113 
162.4724187727344 3.3616555740351397 1.1666986197961404 300 113 
155.15328822999243 3.3616555740351397 1.1666986197961404 300 113 
155.31052040564566 3.3616555740351397 1.1666986197961404 300 113 
157.14633328983587 3.3616555740351397 1.1666986197961404 300 113 
157.71214628592196 3.3616555740351397 1.1666986197961404 300 113 
157.79093867676988 3.3616555740351397 1.1666986197961404 300 113 
155.79753098436805 3.3616555740351397 1.1666986197961404 300 113 
155.33484917177339 3.3616555740351397 1.1666986197961404 300 113 
155.33484917177339 3.3616555740351397 1.1666986197961404 300 113 
155.33484917177339 3.3616555740351397 1.1666986197961404 300 113 
155.15328822999243 3.3616555740351397 1.1666986197961404 300 113 
155.4920813474266 3.3616555740351397 1.1666986197961404 300 113 
156.08991703032711 3.3616555740351397 1.1666986197961404 300 113 
155.15328822999243 3.3616555740351397 1.1666986197961404 300 113 
155.31052040564563 0.010087174224710171 1.4870096238462858 300 179 
155.55974456600066 0.010087174224710171 1.4870096238462858 300 179 
163.078101630255 0.010087174224710171 1.4870096238462858 300 179 
155.31052040564563 0.010087174224710171 1.4870096238462858 300 179 
155.31052040564563 0.010087174224710171 1.4870096238462858 300 179 
155.15328822999243 0.010087174224710171 1.4870096238462858 300 179 
156.58380572938856 0.010087174224710171 1.4870096238462858 300 179 
155.33484917177336 0.010087174224710171 1.4870096238462858 300 179 
155.15328822999243 0.010087174224710171 1.4870096238462858 300 179 
155.31052040564563 0.010087174224710171 1.4870096238462858 300 179 
155.4920813474266 0.010087174224710171 1.4870096238462858 300 179 
155.15328822999243 0.010087174224710171 1.4870096238462858 300 179 
155.15328822999243 0.010087174224710171 1.4870096238462858 300 179 
158.57456335457903 0.010087174224710171 1.4870096238462858 300 179 
155.419782766517 0.010087174224710171 1.4870096238462858 300 179 
155.54234211158297 0.010087174224710171 1.4870096238462858 300 179 
155.15328822999243 0.010087174224710171 1.4870096238462858 300 179 
155.15328822999243 0.010087174224710171 1.4870096238462858 300 179 
155.4920813474266 0.010087174224710171 1.4870096238462858 300 179 
157.03040485055823 0.010087174224710171 1.4870096238462858 300 179 
155.15328822999243 3.8015426657410782 0.00981871893473385 300 218 
155.15328822999243 3.8015426657410782 0.00981871893473385 300 218 
155.15328822999243 3.8015426657410782 0.00981871893473385 300 218 
155.15328822999243 3.8015426657410782 0.00981871893473385 300 218 
155.15328822999243 3.8015426657410782 0.00981871893473385 300 218 
164.10466289633723 3.8015426657410782 0.00981871893473385 300 218 
155.31052040564563 3.8015426657410782 0.00981871893473385 300 218 
155.15328822999243 3.8015426657410782 0.00981871893473385 300 218 
156.84088365289438 3.8015426657410782 0.00981871893473385 300 218 
155.15328822999243 3.8015426657410782 0.00981871893473385 300 218 
155.15328822999243 3.8015426657410782 0.00981871893473385 300 218 
155.15328822999243 3.8015426657410782 0.00981871893473385 300 218 
155.15328822999243 3.8015426657410782 0.00981871893473385 300 218 
157.01813821065844 3.8015426657410782 0.00981871893473385 300 218 
155.15328822999243 3.8015426657410782 0.00981871893473385 300 218 
155.15328822999243 3.8015426657410782 0.00981871893473385 300 218 
155.49208134742656 3.8015426657410782 0.00981871893473385 300 218 
155.419782766517 3.8015426657410782 0.00981871893473385 300 218 
156.45838993128655 3.8015426657410782 0.00981871893473385 300 218 
157.57795563050476 3.8015426657410782 0.00981871893473385 300 218 
155.71680417481153 0.5868747871175017 0.34848036519941483 300 93 
155.60134370829792 0.5868747871175017 0.34848036519941483 300 93 
165.53065466439418 0.5868747871175017 0.34848036519941483 300 93 
156.71268857371697 0.5868747871175017 0.34848036519941483 300 93 
155.317619284198 0.5868747871175017 0.34848036519941483 300 93 
155.15328822999243 0.5868747871175017 0.34848036519941483 300 93 
162.2214582367754 0.5868747871175017 0.34848036519941483 300 93 
155.54234211158297 0.5868747871175017 0.34848036519941483 300 93 
157.49017988659924 0.5868747871175017 0.34848036519941483 300 93 
155.55974456600066 0.5868747871175017 0.34848036519941483 300 93 
155.15328822999243 0.5868747871175017 0.34848036519941483 300 93 
155.15328822999243 0.5868747871175017 0.34848036519941483 300 93 
155.71680417481156 0.5868747871175017 0.34848036519941483 300 93 
155.419782766517 0.5868747871175017 0.34848036519941483 300 93 
155.15328822999243 0.5868747871175017 0.34848036519941483 300 93 
155.33484917177336 0.5868747871175017 0.34848036519941483 300 93 
155.15328822999243 0.5868747871175017 0.34848036519941483 300 93 
155.55974456600066 0.5868747871175017 0.34848036519941483 300 93 
155.15328822999246 0.5868747871175017 0.34848036519941483 300 93 
155.15328822999243 0.5868747871175017 0.34848036519941483 300 93 
155.15328822999243 1.170301999732219 0.485895987814404 300 97 
155.54234211158297 1.170301999732219 0.485895987814404 300 97 
155.33484917177336 1.170301999732219 0.485895987814404 300 97 
155.4587378669339 1.170301999732219 0.485895987814404 300 97 
155.31052040564566 1.170301999732219 0.485895987814404 300 97 
155.7534788684094 1.170301999732219 0.485895987814404 300 97 
155.33484917177339 1.170301999732219 0.485895987814404 300 97 
155.317619284198 1.170301999732219 0.485895987814404 300 97 
155.419782766517 1.170301999732219 0.485895987814404 300 97 
159.56944870249583 1.170301999732219 0.485895987814404 300 97 
155.33484917177336 1.170301999732219 0.485895987814404 300 97 
155.15328822999243 1.170301999732219 0.485895987814404 300 97 
155.419782766517 1.170301999732219 0.485895987814404 300 97 
158.25385231260339 1.170301999732219 0.485895987814404 300 97 
155.317619284198 1.170301999732219 0.485895987814404 300 97 
155.71680417481156 1.170301999732219 0.485895987814404 300 97 
156.866003050547 1.170301999732219 0.485895987814404 300 97 
155.4920813474266 1.170301999732219 0.485895987814404 300 97 
155.31052040564563 1.170301999732219 0.485895987814404 300 97 
156.9398438990393 1.170301999732219 0.485895987814404 300 97 
155.15328822999243 3.809814614525752 0.9979608323325766 300 256 
157.82760675243557 3.809814614525752 0.9979608323325766 300 256 
155.15328822999243 3.809814614525752 0.9979608323325766 300 256 
155.4920813474266 3.809814614525752 0.9979608323325766 300 256 
155.15328822999243 3.809814614525752 0.9979608323325766 300 256 
155.15328822999243 3.809814614525752 0.9979608323325766 300 256 
157.79093867676988 3.809814614525752 0.9979608323325766 300 256 
155.15328822999243 3.809814614525752 0.9979608323325766 300 256 
155.74130550778162 3.809814614525752 0.9979608323325766 300 256 
155.15328822999243 3.809814614525752 0.9979608323325766 300 256 
155.15328822999243 3.809814614525752 0.9979608323325766 300 256 
155.15328822999243 3.809814614525752 0.9979608323325766 300 256 
155.49208134742656 3.809814614525752 0.9979608323325766 300 256 
155.55974456600066 3.809814614525752 0.9979608323325766 300 256 
155.33484917177336 3.809814614525752 0.9979608323325766 300 256 
155.4920813474266 3.809814614525752 0.9979608323325766 300 256 
155.33484917177336 3.809814614525752 0.9979608323325766 300 256 
155.33484917177339 3.809814614525752 0.9979608323325766 300 256 
155.15328822999243 3.809814614525752 0.9979608323325766 300 256 
155.79753098436805 3.809814614525752 0.9979608323325766 300 256 
155.15328822999243 3.377429662907139 0.4538259013172141 300 251 
155.33484917177339 3.377429662907139 0.4538259013172141 300 251 
155.15328822999243 3.377429662907139 0.4538259013172141 300 251 
157.95481382262426 3.377429662907139 0.4538259013172141 300 251 
158.75283407281484 3.377429662907139 0.4538259013172141 300 251 
155.15328822999243 3.377429662907139 0.4538259013172141 300 251 
155.33484917177336 3.377429662907139 0.4538259013172141 300 251 
155.15328822999246 3.377429662907139 0.4538259013172141 300 251 
155.15328822999243 3.377429662907139 0.4538259013172141 300 251 
155.15328822999243 3.377429662907139 0.4538259013172141 300 251 
155.15328822999243 3.377429662907139 0.4538259013172141 300 251 
155.15328822999243 3.377429662907139 0.4538259013172141 300 251 
156.86284140609308 3.377429662907139 0.4538259013172141 300 251 
155.15328822999243 3.377429662907139 0.4538259013172141 300 251 
155.15328822999243 3.377429662907139 0.4538259013172141 300 251 
155.15328822999243 3.377429662907139 0.4538259013172141 300 251 
156.84088365289438 3.377429662907139 0.4538259013172141 300 251 
155.31052040564566 3.377429662907139 0.4538259013172141 300 251 
155.33484917177336 3.377429662907139 0.4538259013172141 300 251 
155.33484917177336 3.377429662907139 0.4538259013172141 300 251 
155.15328822999243 3.3939924730016418 1.5072926376410116 300 227 
155.4920813474266 3.3939924730016418 1.5072926376410116 300 227 
155.317619284198 3.3939924730016418 1.5072926376410116 300 227 
155.15328822999243 3.3939924730016418 1.5072926376410116 300 227 
157.79093867676988 3.3939924730016418 1.5072926376410116 300 227 
162.7840141514663 3.3939924730016418 1.5072926376410116 300 227 
155.15328822999243 3.3939924730016418 1.5072926376410116 300 227 
155.15328822999243 3.3939924730016418 1.5072926376410116 300 227 
155.79753098436805 3.3939924730016418 1.5072926376410116 300 227 
155.15328822999243 3.3939924730016418 1.5072926376410116 300 227 
158.11914487682984 3.3939924730016418 1.5072926376410116 300 227 
162.9976118991371 3.3939924730016418 1.5072926376410116 300 227 
155.33484917177336 3.3939924730016418 1.5072926376410116 300 227 
155.15328822999243 3.3939924730016418 1.5072926376410116 300 227 
155.31052040564563 3.3939924730016418 1.5072926376410116 300 227 
155.15328822999243 3.3939924730016418 1.5072926376410116 300 227 
155.419782766517 3.3939924730016418 1.5072926376410116 300 227 
155.15328822999243 3.3939924730016418 1.5072926376410116 300 227 
155.15328822999243 3.3939924730016418 1.5072926376410116 300 227 
155.31052040564563 3.3939924730016418 1.5072926376410116 300 227 
155.15328822999243 0.07252945508647723 0.03956338211776966 300 210 
155.15328822999243 0.07252945508647723 0.03956338211776966 300 210 
158.47653554775312 0.07252945508647723 0.03956338211776966 300 210 
155.15328822999243 0.07252945508647723 0.03956338211776966 300 210 
155.74130550778162 0.07252945508647723 0.03956338211776966 300 210 
155.31052040564563 0.07252945508647723 0.03956338211776966 300 210 
156.83834353770064 0.07252945508647723 0.03956338211776966 300 210 
155.15328822999243 0.07252945508647723 0.03956338211776966 300 210 
155.15328822999243 0.07252945508647723 0.03956338211776966 300 210 
157.9338915575324 0.07252945508647723 0.03956338211776966 300 210 
155.49208134742656 0.07252945508647723 0.03956338211776966 300 210 
155.15328822999243 0.07252945508647723 0.03956338211776966 300 210 
155.15328822999243 0.07252945508647723 0.03956338211776966 300 210 
155.15328822999243 0.07252945508647723 0.03956338211776966 300 210 
155.33484917177336 0.07252945508647723 0.03956338211776966 300 210 
155.15328822999243 0.07252945508647723 0.03956338211776966 300 210 
157.7909386767699 0.07252945508647723 0.03956338211776966 300 210 
155.60134370829792 0.07252945508647723 0.03956338211776966 300 210 
155.15328822999243 0.07252945508647723 0.03956338211776966 300 210 
155.4920813474266 0.07252945508647723 0.03956338211776966 300 210 
155.15328822999243 3.1242833988799563 0.04602844686250962 300 268 
155.15328822999243 3.1242833988799563 0.04602844686250962 300 268 
155.15328822999243 3.1242833988799563 0.04602844686250962 300 268 
155.15328822999243 3.1242833988799563 0.04602844686250962 300 268 
155.49208134742656 3.1242833988799563 0.04602844686250962 300 268 
155.15328822999243 3.1242833988799563 0.04602844686250962 300 268 
155.15328822999243 3.1242833988799563 0.04602844686250962 300 268 
155.15328822999243 3.1242833988799563 0.04602844686250962 300 268 
155.31052040564566 3.1242833988799563 0.04602844686250962 300 268 
155.15328822999243 3.1242833988799563 0.04602844686250962 300 268 
155.49208134742656 3.1242833988799563 0.04602844686250962 300 268 
155.15328822999243 3.1242833988799563 0.04602844686250962 300 268 
155.74130550778162 3.1242833988799563 0.04602844686250962 300 268 
155.15328822999243 3.1242833988799563 0.04602844686250962 300 268 
155.33484917177339 3.1242833988799563 0.04602844686250962 300 268 
155.31052040564566 3.1242833988799563 0.04602844686250962 300 268 
155.5352432330306 3.1242833988799563 0.04602844686250962 300 268 
155.49208134742656 3.1242833988799563 0.04602844686250962 300 268 
157.03040485055823 3.1242833988799563 0.04602844686250962 300 268 
156.38027240010155 3.1242833988799563 0.04602844686250962 300 268 
155.317619284198 3.1051281927463967 1.5173781840095935 300 185 
155.33484917177339 3.1051281927463967 1.5173781840095935 300 185 
155.60134370829792 3.1051281927463967 1.5173781840095935 300 185 
155.15328822999243 3.1051281927463967 1.5173781840095935 300 185 
155.8629821573639 3.1051281927463967 1.5173781840095935 300 185 
155.15328822999243 3.1051281927463967 1.5173781840095935 300 185 
155.55974456600066 3.1051281927463967 1.5173781840095935 300 185 
156.75674068967564 3.1051281927463967 1.5173781840095935 300 185 
155.31052040564563 3.1051281927463967 1.5173781840095935 300 185 
155.31052040564566 3.1051281927463967 1.5173781840095935 300 185 
155.15328822999243 3.1051281927463967 1.5173781840095935 300 185 
155.419782766517 3.1051281927463967 1.5173781840095935 300 185 
155.15328822999243 3.1051281927463967 1.5173781840095935 300 185 
155.5597445660007 3.1051281927463967 1.5173781840095935 300 185 
156.04675514472308 3.1051281927463967 1.5173781840095935 300 185 
158.1547374834668 3.1051281927463967 1.5173781840095935 300 185 
156.04454309914485 3.1051281927463967 1.5173781840095935 300 185 
156.71997932477666 3.1051281927463967 1.5173781840095935 300 185 
155.4920813474266 3.1051281927463967 1.5173781840095935 300 185 
155.419782766517 3.1051281927463967 1.5173781840095935 300 185 
